['O', 'O', 'B-ORG', 'M-ORG', 'M-ORG', 'M-ORG', 'M-ORG', 'M-ORG', 'M-ORG', 'M-ORG', 'M-ORG', 'M-ORG', 'M-ORG', 'M-ORG', 'M-ORG', 'M-ORG', 'E-ORG', 'B-TITLE', 'E-TITLE', 'O', 'B-TITLE', 'M-TITLE', 'E-TITLE', 'O']]
           precision    recall  f1-score   support
   M-CONT     1.0000    1.0000    1.0000        53
   E-CONT     1.0000    1.0000    1.0000        28
  B-TITLE     0.9492    0.9197    0.9342       772
    M-PRO     0.7241    0.9265    0.8129        68
    M-ORG     0.9528    0.9658    0.9592      4325
    E-PRO     0.9091    0.9091    0.9091        33
    B-ORG     0.9399    0.9620    0.9508       553
    B-PRO     0.8750    0.8485    0.8615        33
    M-EDU     0.9655    0.9385    0.9518       179
    B-LOC     1.0000    0.8333    0.9091         6
    E-EDU     0.9818    0.9643    0.9730       112
    E-ORG     0.9398    0.9042    0.9217       553
   B-RACE     1.0000    0.9286    0.9630        14
   B-CONT     1.0000    1.0000    1.0000        28
   B-NAME     1.0000    0.9107    0.9533       112
   E-RACE     1.0000    1.0000    1.0000        14
        O     0.9623    0.9788    0.9705      5190
    M-LOC     1.0000    0.9048    0.9500        21
    B-EDU     0.9558    0.9643    0.9600       112
   E-NAME     1.0000    0.9375    0.9677       112
  M-TITLE     0.9473    0.8970    0.9214      1922
   M-NAME     0.9634    0.9634    0.9634        82
    E-LOC     1.0000    0.8333    0.9091         6
  E-TITLE     0.9882    0.9793    0.9837       772
avg/total     0.9564    0.9560    0.9559     15100
Confusion Matrix:
         M-CONT  E-CONT B-TITLE   M-PRO   M-ORG   E-PRO   B-ORG   B-PRO   M-EDU   B-LOC   E-EDU   E-ORG  B-RACE  B-CONT  B-NAME  E-RACE       O   M-LOC   B-EDU  E-NAME M-TITLE  M-NAME   E-LOC E-TITLE 
 M-CONT      53       0       0       0       0       0       0       0       0       0       0       0       0       0       0       0       0       0       0       0       0       0       0       0 
 E-CONT       0      28       0       0       0       0       0       0       0       0       0       0       0       0       0       0       0       0       0       0       0       0       0       0 
B-TITLE       0       0     710       0      10       0      15       1       0       0       0       2       0       0       0       0      10       0       0       0      24       0       0       0 
  M-PRO       0       0       0      63       4       0       0       0       0       0       0       1       0       0       0       0       0       0       0       0       0       0       0       0 
  M-ORG       0       0       8       9    4177       1       6       1       0       0       0       9       0       0       0       0      75       0       1       0      38       0       0       0 
  E-PRO       0       0       0       0       0      30       0       0       2       0       0       0       0       0       0       0       0       0       1       0       0       0       0       0 
  B-ORG       0       0       6       0       6       0     532       0       0       0       0       0       0       0       0       0       9       0       0       0       0       0       0       0 
  B-PRO       0       0       0       2       2       0       0      28       0       0       0       0       0       0       0       0       0       0       1       0       0       0       0       0 
  M-EDU       0       0       0       4       3       0       0       1     168       0       1       1       0       0       0       0       1       0       0       0       0       0       0       0 
  B-LOC       0       0       0       0       0       0       0       0       0       5       0       0       0       0       0       0       1       0       0       0       0       0       0       0 
  E-EDU       0       0       0       0       0       1       0       0       1       0     108       0       0       0       0       0       2       0       0       0       0       0       0       0 
  E-ORG       0       0       0       2      22       0       0       0       0       0       0     500       0       0       0       0       9       0       0       0      19       0       0       1 
 B-RACE       0       0       0       0       0       0       0       0       0       0       0       0      13       0       0       0       0       0       1       0       0       0       0       0 
 B-CONT       0       0       0       0       0       0       0       0       0       0       0       0       0      28       0       0       0       0       0       0       0       0       0       0 
 B-NAME       0       0       0       0       0       0       0       0       0       0       0       0       0       0     102       0       7       0       0       0       0       3       0       0 
 E-RACE       0       0       0       0       0       0       0       0       0       0       0       0       0       0       0      14       0       0       0       0       0       0       0       0 
      O       0       0       5       5      61       0      12       1       0       0       0       7       0       0       0       0    5080       0       0       0      12       0       0       7 
  M-LOC       0       0       0       0       2       0       0       0       0       0       0       0       0       0       0       0       0      19       0       0       0       0       0       0 
  B-EDU       0       0       0       0       2       0       0       0       2       0       0       0       0       0       0       0       0       0     108       0       0       0       0       0 
 E-NAME       0       0       0       0       0       0       0       0       0       0       0       0       0       0       0       0       4       0       0     105       0       0       0       0 
M-TITLE       0       0      19       2      93       1       1       0       1       0       0      12       0       0       0       0      67       0       1       0    1724       0       0       1 
 M-NAME       0       0       0       0       0       0       0       0       0       0       0       0       0       0       0       0       3       0       0       0       0      79       0       0 
  E-LOC       0       0       0       0       1       0       0       0       0       0       0       0       0       0       0       0       0       0       0       0       0       0       5       0 
E-TITLE       0       0       0       0       1       0       0       0       0       0       1       0       0       0       0       0      11       0       0       0       3       0       0     756 
